# oST version 5.0 parameters


[image]

width
640

height
480

[narrow_stereo]

camera matrix
651.886658 0.000000 323.165266
0.000000 651.651704 298.836835
0.000000 0.000000 1.000000

distortion
0.034069 -0.134834 0.037870 -0.020037 0.000000

rectification
1.000000 0.000000 0.000000
0.000000 1.000000 0.000000
0.000000 0.000000 1.000000

projection
662.612915 0.000000 313.056045 0.000000
0.000000 648.010315 313.128326 0.000000
0.000000 0.000000 1.000000 0.000000

