image_width: 640
image_height: 480
camera_name: head_camera
camera_matrix:
  rows: 3
  cols: 3
  data: [848.3004949653949, 0, 322.7281681915495, 0, 852.5867901189498, 310.5145420609224, 0, 0, 1]
distortion_model: plumb_bob
distortion_coefficients:
  rows: 1
  cols: 5
  data: [-0.3838379499922721, 0.1732838944352721, -0.002226746773273562, 0.000212109203600722, 0]
rectification_matrix:
  rows: 3
  cols: 3
  data: [1, 0, 0, 0, 1, 0, 0, 0, 1]
projection_matrix:
  rows: 3
  cols: 4
  data: [799.9480590820312, 0, 323.1674407311311, 0, 0, 819.671630859375, 314.280907333341, 0, 0, 0, 1, 0]