image_width: 640
image_height: 480
camera_name: camera
camera_matrix:
  rows: 3
  cols: 3
  data: [618.217119735183, 0, 310.3844231783377, 0, 617.4596326914755, 251.6207246333006, 0, 0, 1]
distortion_model: plumb_bob
distortion_coefficients:
  rows: 1
  cols: 5
  data: [0.03999869931815252, -0.1759893359954916, -0.0004025512325425823, -0.001507160413119529, 0]
rectification_matrix:
  rows: 3
  cols: 3
  data: [1, 0, 0, 0, 1, 0, 0, 0, 1]
projection_matrix:
  rows: 3
  cols: 4
  data: [615.8624877929688, 0, 308.8328722968799, 0, 0, 617.5106811523438, 251.042465008677, 0, 0, 0, 1, 0]